40.32415884057144	1
40.88544251604667	1.0300593170144836
41.466637567983994	1.0460188148295861
42.89763839270548	1.0714285714285714
43.09568396214217	1.0838059568742913
44.64285714285714	1.1292495070549269
45.097194802205635	1.1392224415823549
45.30776064481167	1.1428571428571428
45.475593873816464	1.1495190367048174
47.328986058458206	1.1927966829609056
48.52294648241139	1.2142857142857142
49.298095287157516	1.2484723805598827
49.458682597380026	1.2528123179218973
51.21730348810664	1.2857142857142856
51.54813138545096	1.3019006632021064
53.44566380386301	1.3561367390023324
53.48589173894298	1.357142857142857
53.5070375198281	1.3576579855556608
53.57142857142857	1.3596305485370277
54.96568502618682	1.3928571428571428
55.75217295903903	1.4111254734705447
56.358497013092574	1.4285714285714284
57.46983112445498	1.4597586489956396
57.745623468663005	1.4666064408221242
59.4608649203463	1.4999999999999998
59.9402135626915	1.5204782914984678
61.45599669654853	1.5630765450009594
61.871130958231575	1.5714285714285712
61.964039646915936	1.5757162542532437
62.5	1.591483519375434
64.11140538761305	1.629965899756238
64.77335202302392	1.6428571428571426
65.40450400085179	1.666093174863957
66.16225642640852	1.684987662874446
67.61976758509563	1.714285714285714
68.26494857052329	1.739594697150099
69.31541512290889	1.768809035268985
69.98712159442952	1.7857142857142854
70.34010183277346	1.7944220424806692
71.26124925797386	1.8214285714285712
71.42857142857143	1.8262389279548246
72.40008913260387	1.8493707155105972
72.67707241285032	1.8571428571428568
73.18860924328236	1.8712231596605442
74.49731168013346	1.9040215065589319
75.68636692220778	1.9285714285714282
76.51611660604189	1.959299638580236
77.02384843500468	1.9733336446228944
78.28014274516994	1.9999999999999996
78.63356309995741	2.013788638057483
80.35714285714286	2.063170742825104
80.61236151832748	2.0693868221390943
80.71160410012413	2.071428571428571
80.82082211342858	2.075138005478857
82.74849727096266	2.123726307546584
83.65391888577359	2.1428571428571423
84.6108464022095	2.176886771217675
84.70978223236831	2.17946459928391
86.31611206058449	2.2142857142857135
86.84173497008693	2.2338375488107323
88.42145619571355	2.2788002209942793
88.73264563211016	2.285714285714285
88.82703943166833	2.289383684546653
89.28571428571429	2.3028549407572676
90.9128872608319	2.344125473341916
91.51650063215929	2.3571428571428568
92.18909574778911	2.380369908839455
92.92062643003618	2.399492131416853
93.75	2.423992116566781
93.92904912810465	2.428571428571428
94.96156283564126	2.4545932116005833
95.91390732108351	2.4815969728543816
96.72822771476129	2.499999999999999
96.99037492268138	2.5097912863328338
98.21428571428572	2.5455052889147236
98.98737302585667	2.565243872936003
99.26891212133694	2.5714285714285707
99.5959563480322	2.5824819364985427
101.03608416457742	2.620282755254809
102.04111374530625	2.6428571428571423
102.98993516889358	2.6760805186488508
103.23525138680692	2.683024868237312
104.59735020652334	2.7142857142857135
105.05753088127852	2.7309683243783427
106.86444173526026	2.7834869624535097
106.94656470675856	2.7857142857142847
106.9917201508964	2.7869233816499706
107.14285714285715	2.7914671566380083
108.27381204164695	2.8214285714285703
109.05447660330793	2.8418499014592498
109.57707829444531	2.8571428571428563
110.50885531370733	2.884070842509658
111.01035228840634	2.8976314674070345
112.33942482578388	2.928571428571428
113.02667310049911	2.9529294723388637
114.10783810242319	2.9842912762479568
114.68533934003621	3
